a1=3.16227766014469e-08
u1=0.00031254621074947584
a2=1.8743080524820825e-09
u2=7.377930235168411e-05
